0 1
-0.0369903 0.934075
-0.0738969 0.868227
-0.110636 0.802535
-0.147125 0.737076
-0.183279 0.671927
-0.219015 0.607167
-0.254249 0.542873
-0.288898 0.479123
-0.322878 0.415994
-0.356105 0.353565
-0.388496 0.291912
-0.419968 0.231113
-0.450435 0.171247
-0.479816 0.11239
-0.508026 0.0546212
-0.534982 -0.00198275
-0.5606 -0.0573438
-0.584796 -0.111384
-0.607487 -0.164027
-0.62859 -0.215193
-0.648019 -0.264806
-0.665693 -0.312788
-0.681528 -0.359061
-0.695438 -0.403547
-0.707343 -0.446169
-0.717156 -0.486849
-0.724795 -0.525509
-0.730177 -0.562072
-0.733217 -0.59646
-0.733833 -0.628596
-0.731939 -0.658401
-0.727454 -0.685798
-0.720292 -0.710709
-0.710371 -0.733057
-0.697607 -0.752764
-0.681916 -0.769753
-0.663215 -0.783945
-0.64142 -0.795263
-0.616447 -0.803629
-0.588213 -0.808965
-0.556683 -0.811226
-0.522022 -0.81049
-0.484451 -0.806873
-0.444187 -0.800489
-0.40145 -0.791452
-0.35646 -0.779876
-0.309434 -0.765876
-0.260593 -0.749565
-0.210155 -0.731059
-0.158339 -0.71047
-0.105364 -0.687914
-0.0514503 -0.663505
0.00318433 -0.637356
0.0583204 -0.609583
0.113739 -0.580299
0.169221 -0.549618
0.224547 -0.517656
0.279499 -0.484525
0.333856 -0.45034
0.387401 -0.415216
0.439914 -0.379267
0.491176 -0.342607
0.540968 -0.30535
0.589071 -0.26761
0.635265 -0.229502
0.679333 -0.19114
0.721054 -0.152638
0.76021 -0.11411
0.796582 -0.0756705
0.82995 -0.037434
0.860096 0.000485491
0.8868 0.0379737
0.909843 0.0749165
0.929007 0.1112
0.944073 0.146709
0.95482 0.18133
0.961031 0.214948
0.962486 0.24745
0.958966 0.278721
0.950252 0.308647
0.936203 0.337132
0.917006 0.364156
0.892932 0.38972
0.864252 0.413823
0.831236 0.436465
0.794155 0.457646
0.753281 0.477366
0.708885 0.495626
0.661237 0.512425
0.610608 0.527763
0.55727 0.54164
0.501493 0.554057
0.443548 0.565012
0.383707 0.574507
0.322239 0.582542
0.259417 0.589115
0.195511 0.594228
0.130792 0.59788
0.0655317 0.600071
-2.22045e-016 0.600801
-0.0655317 0.600071
-0.130792 0.59788
-0.195511 0.594228
-0.259417 0.589115
-0.322239 0.582542
-0.383707 0.574507
-0.443548 0.565012
-0.501493 0.554057
-0.55727 0.54164
-0.610608 0.527763
-0.661237 0.512425
-0.708885 0.495626
-0.753281 0.477366
-0.794155 0.457646
-0.831236 0.436465
-0.864252 0.413823
-0.892932 0.38972
-0.917006 0.364156
-0.936203 0.337132
-0.950252 0.308647
-0.958966 0.278721
-0.962486 0.24745
-0.961031 0.214948
-0.95482 0.18133
-0.944073 0.146709
-0.929007 0.1112
-0.909843 0.0749165
-0.8868 0.0379737
-0.860096 0.000485491
-0.82995 -0.037434
-0.796582 -0.0756705
-0.76021 -0.11411
-0.721054 -0.152638
-0.679333 -0.19114
-0.635265 -0.229502
-0.589071 -0.26761
-0.540968 -0.30535
-0.491176 -0.342607
-0.439914 -0.379267
-0.387401 -0.415216
-0.333856 -0.45034
-0.279499 -0.484525
-0.224547 -0.517656
-0.169221 -0.549618
-0.113739 -0.580299
-0.0583204 -0.609583
-0.00318433 -0.637356
0.0514503 -0.663505
0.105364 -0.687914
0.158339 -0.71047
0.210155 -0.731059
0.260593 -0.749565
0.309434 -0.765876
0.35646 -0.779876
0.40145 -0.791452
0.444187 -0.800489
0.484451 -0.806873
0.522022 -0.81049
0.556683 -0.811226
0.588213 -0.808965
0.616447 -0.803629
0.64142 -0.795263
0.663215 -0.783945
0.681916 -0.769753
0.697607 -0.752764
0.710371 -0.733057
0.720292 -0.710709
0.727454 -0.685798
0.731939 -0.658401
0.733833 -0.628596
0.733217 -0.59646
0.730177 -0.562072
0.724795 -0.525509
0.717156 -0.486849
0.707343 -0.446169
0.695438 -0.403547
0.681528 -0.359061
0.665693 -0.312788
0.648019 -0.264806
0.62859 -0.215193
0.607487 -0.164027
0.584796 -0.111384
0.5606 -0.0573438
0.534982 -0.00198275
0.508026 0.0546212
0.479816 0.11239
0.450435 0.171247
0.419968 0.231113
0.388496 0.291912
0.356105 0.353565
0.322878 0.415994
0.288898 0.479123
0.254249 0.542873
0.219015 0.607167
0.183279 0.671927
0.147125 0.737076
0.110636 0.802535
0.0738969 0.868227
0.0369903 0.934075
0 1
