-1 -1
-0.975874 -0.950086
-0.951758 -0.900185
-0.927659 -0.850307
-0.903587 -0.800467
-0.87955 -0.750674
-0.855558 -0.700943
-0.83162 -0.651284
-0.807743 -0.60171
-0.783938 -0.552234
-0.760214 -0.502867
-0.736578 -0.453621
-0.71304 -0.404509
-0.689609 -0.355542
-0.666294 -0.306734
-0.643104 -0.258095
-0.620047 -0.209639
-0.597132 -0.161377
-0.57437 -0.113322
-0.551767 -0.0654848
-0.529334 -0.0178787
-0.507078 0.0294846
-0.48501 0.0765928
-0.463138 0.123434
-0.441471 0.169995
-0.420017 0.216266
-0.398786 0.262232
-0.377787 0.307883
-0.357028 0.353206
-0.336518 0.398189
-0.316267 0.442819
-0.296283 0.487085
-0.276575 0.530975
-0.257152 0.574476
-0.238023 0.617577
-0.219197 0.660264
-0.200682 0.702526
-0.182488 0.744351
-0.164624 0.785727
-0.147098 0.826641
-0.12992 0.867082
-0.113098 0.907036
-0.0966406 0.946493
-0.0805576 0.98544
-0.0648577 1.02386
-0.0495496 1.06175
-0.0346423 1.0991
-0.0201447 1.13588
-0.00606566 1.1721
0.00758582 1.20773
0.0208009 1.24276
0.0335706 1.27719
0.0458861 1.311
0.0577384 1.34418
0.0691187 1.37671
0.0800181 1.40859
0.0904276 1.4398
0.100338 1.47033
0.109741 1.50017
0.118628 1.5293
0.126989 1.55772
0.134815 1.58541
0.142099 1.61236
0.14883 1.63855
0.155 1.66398
0.1606 1.68863
0.165621 1.71249
0.170054 1.73555
0.17389 1.7578
0.177121 1.77922
0.179737 1.79981
0.18173 1.81954
0.18309 1.83841
0.18381 1.85641
0.183879 1.87352
0.183288 1.88973
0.18203 1.90503
0.180095 1.9194
0.177474 1.93285
0.174159 1.94534
0.17014 1.95688
0.165408 1.96744
0.159955 1.97702
0.153771 1.9856
0.146849 1.99318
0.139178 1.99973
0.13075 2.00526
0.121556 2.00974
0.111587 2.01316
0.100835 2.01551
0.0892896 2.01678
0.0769428 2.01696
0.0637855 2.01604
0.0498088 2.01399
0.0350038 2.01082
0.0193616 2.00651
0.00287321 2.00104
-0.0144655 1.99441
-0.0326278 1.98663
-0.051574 1.97774
-0.0712645 1.96775
-0.0916596 1.95669
-0.11272 1.94459
-0.134405 1.93148
-0.156676 1.91738
-0.179493 1.90232
-0.202816 1.88632
-0.226606 1.86941
-0.250823 1.85162
-0.275427 1.83297
-0.300378 1.8135
-0.325638 1.79321
-0.351166 1.77215
-0.376923 1.75034
-0.402869 1.72781
-0.428964 1.70457
-0.455169 1.68067
-0.481444 1.65611
-0.507749 1.63094
-0.534045 1.60517
-0.560292 1.57884
-0.58645 1.55196
-0.61248 1.52457
-0.638342 1.49669
-0.663997 1.46835
-0.689404 1.43958
-0.714525 1.41039
-0.739318 1.38082
-0.763746 1.3509
-0.787768 1.32064
-0.811344 1.29008
-0.834435 1.25925
-0.857001 1.22816
-0.879002 1.19684
-0.900399 1.16533
-0.921153 1.13364
-0.941222 1.10181
-0.960569 1.06986
-0.979153 1.03781
-0.996934 1.0057
-1.01388 0.973542
-1.02998 0.941349
-1.04527 0.909121
-1.05974 0.876859
-1.07342 0.844562
-1.08631 0.812232
-1.09844 0.779869
-1.10981 0.747474
-1.12045 0.715047
-1.13035 0.682589
-1.13955 0.6501
-1.14805 0.617582
-1.15586 0.585034
-1.163 0.552457
-1.16949 0.519853
-1.17533 0.487221
-1.18055 0.454561
-1.18515 0.421876
-1.18915 0.389165
-1.19257 0.356429
-1.19541 0.323668
-1.1977 0.290884
-1.19943 0.258076
-1.20064 0.225245
-1.20134 0.192392
-1.20153 0.159518
-1.20123 0.126623
-1.20045 0.093707
-1.19922 0.0607717
-1.19754 0.0278172
-1.19542 -0.00515577
-1.19289 -0.0381467
-1.18995 -0.071155
-1.18663 -0.10418
-1.18292 -0.137221
-1.17885 -0.170278
-1.17443 -0.20335
-1.16968 -0.236436
-1.16461 -0.269535
-1.15923 -0.302648
-1.15355 -0.335774
-1.1476 -0.368911
-1.14138 -0.40206
-1.13491 -0.43522
-1.1282 -0.468389
-1.12127 -0.501569
-1.11413 -0.534757
-1.1068 -0.567954
-1.09928 -0.601158
-1.0916 -0.63437
-1.08376 -0.667588
-1.07578 -0.700812
-1.06768 -0.734042
-1.05946 -0.767276
-1.05115 -0.800514
-1.04275 -0.833757
-1.03428 -0.867002
-1.02576 -0.900249
-1.0172 -0.933498
-1.00861 -0.966749
-1 -1
